0
0	0
1	0
2	0
3	600
4	600
5	120
6	120
7	1800
8	30
9	30
10	30
end

1
0	92	89	41	5000000	3000000
1	92	188	101	5000000	3000000
2	96	162	54	5000000	3000000
3	-1	-1	-1	0	0
4	-1	-1	-1	0	0
end

2
0	0	92	89.5	58.5
0	1	92	84.5	30.5
0	2	92	104.5	36.5
1	0	92	175.5	102.5
1	1	92	192.5	110.5
1	2	92	200.5	96.5
2	0	96	154.5	60.5
2	1	96	162.5	45.5
2	2	96	165.5	67.5
3	0	-1	-1	-1
3	1	-1	-1	-1
3	2	-1	-1	-1
4	0	-1	-1	-1
4	1	-1	-1	-1
4	2	-1	-1	-1
end

3
0	92	10	10
1	92	10	10
2	96	10	10
3	-1	0	0
4	-1	0	0
end

4
0	77	31	87	38
0	84	43	98	45
0	90	39	97	45
0	87	48	98	55
1	178	101	190	100
1	188	94	201	98
1	173	101	188	105
1	186	89	195	99
2	152	58	156	62
2	161	43	164	46
2	164	65	167	68
2	160	52	164	56
3	0	0	0	0
3	0	0	0	0
3	0	0	0	0
3	0	0	0	0
4	0	0	0	0
4	0	0	0	0
4	0	0	0	0
4	0	0	0	0
end

5
0	592
0	593
0	594
0	595
0	596
1	592
1	593
1	594
1	595
1	596
2	611
2	612
2	613
2	614
2	615
3	0
3	0
3	0
3	0
3	0
4	0
4	0
4	0
4	0
4	0
end

6
0	92	77	118	87	130
0	92	110	153	123	163
0	92	133	139	145	150
0	92	169	37	179	47
0	92	12	18	25	34
1	92	237	42	246	53
1	92	207	205	218	214
1	92	167	199	175	211
1	92	151	198	156	200
1	92	185	148	194	157
2	96	57	80	77	94
2	96	109	47	126	64
2	96	60	26	84	37
2	96	143	89	163	104
2	96	169	15	187	28
3	-1	-1	-1	-1	-1
3	-1	-1	-1	-1	-1
3	-1	-1	-1	-1	-1
3	-1	-1	-1	-1	-1
3	-1	-1	-1	-1	-1
4	-1	-1	-1	-1	-1
4	-1	-1	-1	-1	-1
4	-1	-1	-1	-1	-1
4	-1	-1	-1	-1	-1
4	-1	-1	-1	-1	-1
end

7
0	10	300000
11	50	500000
51	100	700000
101	300	1000000
301	500	2000000
501	-1	3000000
end

8
1	10	55	5	"ArkaWar Booty (1)"
11	20	55	5	"ArkaWar Booty (2)"
21	30	55	5	"ArkaWar Booty (3)"
31	40	55	5	"ArkaWar Booty (4)"
41	50	50	5	"ArkaWar Booty (5)"
51	60	50	5	"ArkaWar Booty (6)"
61	70	50	5	"ArkaWar Booty (7)"
71	80	45	5	"ArkaWar Booty (8)"
81	90	45	5	"ArkaWar Booty (9)"
91	100	45	5	"ArkaWar Booty (10)"
end

9
0	598	1
1	599	2
2	600	3
3	601	4
4	602	5
end

10
0	179	1
1	180	2
2	182	3
3	181	4
4	183	5
end